Year,WW,Day,Date
2026,1,1,28-Jun-2025
2026,1,2,29-Jun-2025
2026,1,3,30-Jun-2025
2026,1,4,01-Jul-2025
2026,1,5,02-Jul-2025
2026,1,6,03-Jul-2025
2026,1,7,04-Jul-2025
2026,2,1,05-Jul-2025
2026,2,2,06-Jul-2025
2026,2,3,07-Jul-2025
2026,2,4,08-Jul-2025
2026,2,5,09-Jul-2025
2026,2,6,10-Jul-2025
2026,2,7,11-Jul-2025
2026,3,1,12-Jul-2025
2026,3,2,13-Jul-2025
2026,3,3,14-Jul-2025
2026,3,4,15-Jul-2025
2026,3,5,16-Jul-2025
2026,3,6,17-Jul-2025
2026,3,7,18-Jul-2025
2026,4,1,19-Jul-2025
2026,4,2,20-Jul-2025
2026,4,3,21-Jul-2025
2026,4,4,22-Jul-2025
2026,4,5,23-Jul-2025
2026,4,6,24-Jul-2025
2026,4,7,25-Jul-2025
2026,5,1,26-Jul-2025
2026,5,2,27-Jul-2025
2026,5,3,28-Jul-2025
2026,5,4,29-Jul-2025
2026,5,5,30-Jul-2025
2026,5,6,31-Jul-2025
2026,5,7,01-Aug-2025
2026,6,1,02-Aug-2025
2026,6,2,03-Aug-2025
2026,6,3,04-Aug-2025
2026,6,4,05-Aug-2025
2026,6,5,06-Aug-2025
2026,6,6,07-Aug-2025
2026,6,7,08-Aug-2025
2026,7,1,09-Aug-2025
2026,7,2,10-Aug-2025
2026,7,3,11-Aug-2025
2026,7,4,12-Aug-2025
2026,7,5,13-Aug-2025
2026,7,6,14-Aug-2025
2026,7,7,15-Aug-2025
2026,8,1,16-Aug-2025
2026,8,2,17-Aug-2025
2026,8,3,18-Aug-2025
2026,8,4,19-Aug-2025
2026,8,5,20-Aug-2025
2026,8,6,21-Aug-2025
2026,8,7,22-Aug-2025
2026,9,1,23-Aug-2025
2026,9,2,24-Aug-2025
2026,9,3,25-Aug-2025
2026,9,4,26-Aug-2025
2026,9,5,27-Aug-2025
2026,9,6,28-Aug-2025
2026,9,7,29-Aug-2025
2026,10,1,30-Aug-2025
2026,10,2,31-Aug-2025
2026,10,3,01-Sep-2025
2026,10,4,02-Sep-2025
2026,10,5,03-Sep-2025
2026,10,6,04-Sep-2025
2026,10,7,05-Sep-2025
2026,11,1,06-Sep-2025
2026,11,2,07-Sep-2025
2026,11,3,08-Sep-2025
2026,11,4,09-Sep-2025
2026,11,5,10-Sep-2025
2026,11,6,11-Sep-2025
2026,11,7,12-Sep-2025
2026,12,1,13-Sep-2025
2026,12,2,14-Sep-2025
2026,12,3,15-Sep-2025
2026,12,4,16-Sep-2025
2026,12,5,17-Sep-2025
2026,12,6,18-Sep-2025
2026,12,7,19-Sep-2025
2026,13,1,20-Sep-2025
2026,13,2,21-Sep-2025
2026,13,3,22-Sep-2025
2026,13,4,23-Sep-2025
2026,13,5,24-Sep-2025
2026,13,6,25-Sep-2025
2026,13,7,26-Sep-2025
2026,14,1,27-Sep-2025
2026,14,2,28-Sep-2025
2026,14,3,29-Sep-2025
2026,14,4,30-Sep-2025
2026,14,5,01-Oct-2025
2026,14,6,02-Oct-2025
2026,14,7,03-Oct-2025
2026,15,1,04-Oct-2025
2026,15,2,05-Oct-2025
2026,15,3,06-Oct-2025
2026,15,4,07-Oct-2025
2026,15,5,08-Oct-2025
2026,15,6,09-Oct-2025
2026,15,7,10-Oct-2025
2026,16,1,11-Oct-2025
2026,16,2,12-Oct-2025
2026,16,3,13-Oct-2025
2026,16,4,14-Oct-2025
2026,16,5,15-Oct-2025
2026,16,6,16-Oct-2025
2026,16,7,17-Oct-2025
2026,17,1,18-Oct-2025
2026,17,2,19-Oct-2025
2026,17,3,20-Oct-2025
2026,17,4,21-Oct-2025
2026,17,5,22-Oct-2025
2026,17,6,23-Oct-2025
2026,17,7,24-Oct-2025
2026,18,1,25-Oct-2025
2026,18,2,26-Oct-2025
2026,18,3,27-Oct-2025
2026,18,4,28-Oct-2025
2026,18,5,29-Oct-2025
2026,18,6,30-Oct-2025
2026,18,7,31-Oct-2025
2026,19,1,01-Nov-2025
2026,19,2,02-Nov-2025
2026,19,3,03-Nov-2025
2026,19,4,04-Nov-2025
2026,19,5,05-Nov-2025
2026,19,6,06-Nov-2025
2026,19,7,07-Nov-2025
2026,20,1,08-Nov-2025
2026,20,2,09-Nov-2025
2026,20,3,10-Nov-2025
2026,20,4,11-Nov-2025
2026,20,5,12-Nov-2025
2026,20,6,13-Nov-2025
2026,20,7,14-Nov-2025
2026,21,1,15-Nov-2025
2026,21,2,16-Nov-2025
2026,21,3,17-Nov-2025
2026,21,4,18-Nov-2025
2026,21,5,19-Nov-2025
2026,21,6,20-Nov-2025
2026,21,7,21-Nov-2025
2026,22,1,22-Nov-2025
2026,22,2,23-Nov-2025
2026,22,3,24-Nov-2025
2026,22,4,25-Nov-2025
2026,22,5,26-Nov-2025
2026,22,6,27-Nov-2025
2026,22,7,28-Nov-2025
2026,23,1,29-Nov-2025
2026,23,2,30-Nov-2025
2026,23,3,01-Dec-2025
2026,23,4,02-Dec-2025
2026,23,5,03-Dec-2025
2026,23,6,04-Dec-2025
2026,23,7,05-Dec-2025
2026,24,1,06-Dec-2025
2026,24,2,07-Dec-2025
2026,24,3,08-Dec-2025
2026,24,4,09-Dec-2025
2026,24,5,10-Dec-2025
2026,24,6,11-Dec-2025
2026,24,7,12-Dec-2025
2026,25,1,13-Dec-2025
2026,25,2,14-Dec-2025
2026,25,3,15-Dec-2025
2026,25,4,16-Dec-2025
2026,25,5,17-Dec-2025
2026,25,6,18-Dec-2025
2026,25,7,19-Dec-2025
2026,26,1,20-Dec-2025
2026,26,2,21-Dec-2025
2026,26,3,22-Dec-2025
2026,26,4,23-Dec-2025
2026,26,5,24-Dec-2025
2026,26,6,25-Dec-2025
2026,26,7,26-Dec-2025
2026,27,1,27-Dec-2025
2026,27,2,28-Dec-2025
2026,27,3,29-Dec-2025
2026,27,4,30-Dec-2025
2026,27,5,31-Dec-2025
2026,27,6,01-Jan-2026
2026,27,7,02-Jan-2026
2026,28,1,03-Jan-2026
