Year,WW,Day,Date
2025,27,5,01-Jan-2025
2025,27,6,02-Jan-2025
2025,27,7,03-Jan-2025
2025,28,1,04-Jan-2025
2025,28,2,05-Jan-2025
2025,28,3,06-Jan-2025
2025,28,4,07-Jan-2025
2025,28,5,08-Jan-2025
2025,28,6,09-Jan-2025
2025,28,7,10-Jan-2025
2025,29,1,11-Jan-2025
2025,29,2,12-Jan-2025
2025,29,3,13-Jan-2025
2025,29,4,14-Jan-2025
2025,29,5,15-Jan-2025
2025,29,6,16-Jan-2025
2025,29,7,17-Jan-2025
2025,30,1,18-Jan-2025
2025,30,2,19-Jan-2025
2025,30,3,20-Jan-2025
2025,30,4,21-Jan-2025
2025,30,5,22-Jan-2025
2025,30,6,23-Jan-2025
2025,30,7,24-Jan-2025
2025,31,1,25-Jan-2025
2025,31,2,26-Jan-2025
2025,31,3,27-Jan-2025
2025,31,4,28-Jan-2025
2025,31,5,29-Jan-2025
2025,31,6,30-Jan-2025
2025,31,7,31-Jan-2025
2025,32,1,01-Feb-2025
2025,32,2,02-Feb-2025
2025,32,3,03-Feb-2025
2025,32,4,04-Feb-2025
2025,32,5,05-Feb-2025
2025,32,6,06-Feb-2025
2025,32,7,07-Feb-2025
2025,33,1,08-Feb-2025
2025,33,2,09-Feb-2025
2025,33,3,10-Feb-2025
2025,33,4,11-Feb-2025
2025,33,5,12-Feb-2025
2025,33,6,13-Feb-2025
2025,33,7,14-Feb-2025
2025,34,1,15-Feb-2025
2025,34,2,16-Feb-2025
2025,34,3,17-Feb-2025
2025,34,4,18-Feb-2025
2025,34,5,19-Feb-2025
2025,34,6,20-Feb-2025
2025,34,7,21-Feb-2025
2025,35,1,22-Feb-2025
2025,35,2,23-Feb-2025
2025,35,3,24-Feb-2025
2025,35,4,25-Feb-2025
2025,35,5,26-Feb-2025
2025,35,6,27-Feb-2025
2025,35,7,28-Feb-2025
2025,36,1,01-Mar-2025
2025,36,2,02-Mar-2025
2025,36,3,03-Mar-2025
2025,36,4,04-Mar-2025
2025,36,5,05-Mar-2025
2025,36,6,06-Mar-2025
2025,36,7,07-Mar-2025
2025,37,1,08-Mar-2025
2025,37,2,09-Mar-2025
2025,37,3,10-Mar-2025
2025,37,4,11-Mar-2025
2025,37,5,12-Mar-2025
2025,37,6,13-Mar-2025
2025,37,7,14-Mar-2025
2025,38,1,15-Mar-2025
2025,38,2,16-Mar-2025
2025,38,3,17-Mar-2025
2025,38,4,18-Mar-2025
2025,38,5,19-Mar-2025
2025,38,6,20-Mar-2025
2025,38,7,21-Mar-2025
2025,39,1,22-Mar-2025
2025,39,2,23-Mar-2025
2025,39,3,24-Mar-2025
2025,39,4,25-Mar-2025
2025,39,5,26-Mar-2025
2025,39,6,27-Mar-2025
2025,39,7,28-Mar-2025
2025,40,1,29-Mar-2025
2025,40,2,30-Mar-2025
2025,40,3,31-Mar-2025
2025,40,4,01-Apr-2025
2025,40,5,02-Apr-2025
2025,40,6,03-Apr-2025
2025,40,7,04-Apr-2025
2025,41,1,05-Apr-2025
2025,41,2,06-Apr-2025
2025,41,3,07-Apr-2025
2025,41,4,08-Apr-2025
2025,41,5,09-Apr-2025
2025,41,6,10-Apr-2025
2025,41,7,11-Apr-2025
2025,42,1,12-Apr-2025
2025,42,2,13-Apr-2025
2025,42,3,14-Apr-2025
2025,42,4,15-Apr-2025
2025,42,5,16-Apr-2025
2025,42,6,17-Apr-2025
2025,42,7,18-Apr-2025
2025,43,1,19-Apr-2025
2025,43,2,20-Apr-2025
2025,43,3,21-Apr-2025
2025,43,4,22-Apr-2025
2025,43,5,23-Apr-2025
2025,43,6,24-Apr-2025
2025,43,7,25-Apr-2025
2025,44,1,26-Apr-2025
2025,44,2,27-Apr-2025
2025,44,3,28-Apr-2025
2025,44,4,29-Apr-2025
2025,44,5,30-Apr-2025
2025,44,6,01-May-2025
2025,44,7,02-May-2025
2025,45,1,03-May-2025
2025,45,2,04-May-2025
2025,45,3,05-May-2025
2025,45,4,06-May-2025
2025,45,5,07-May-2025
2025,45,6,08-May-2025
2025,45,7,09-May-2025
2025,46,1,10-May-2025
2025,46,2,11-May-2025
2025,46,3,12-May-2025
2025,46,4,13-May-2025
2025,46,5,14-May-2025
2025,46,6,15-May-2025
2025,46,7,16-May-2025
2025,47,1,17-May-2025
2025,47,2,18-May-2025
2025,47,3,19-May-2025
2025,47,4,20-May-2025
2025,47,5,21-May-2025
2025,47,6,22-May-2025
2025,47,7,23-May-2025
2025,48,1,24-May-2025
2025,48,2,25-May-2025
2025,48,3,26-May-2025
2025,48,4,27-May-2025
2025,48,5,28-May-2025
2025,48,6,29-May-2025
2025,48,7,30-May-2025
2025,49,1,31-May-2025
2025,49,2,01-Jun-2025
2025,49,3,02-Jun-2025
2025,49,4,03-Jun-2025
2025,49,5,04-Jun-2025
2025,49,6,05-Jun-2025
2025,49,7,06-Jun-2025
2025,50,1,07-Jun-2025
2025,50,2,08-Jun-2025
2025,50,3,09-Jun-2025
2025,50,4,10-Jun-2025
2025,50,5,11-Jun-2025
2025,50,6,12-Jun-2025
2025,50,7,13-Jun-2025
2025,51,1,14-Jun-2025
2025,51,2,15-Jun-2025
2025,51,3,16-Jun-2025
2025,51,4,17-Jun-2025
2025,51,5,18-Jun-2025
2025,51,6,19-Jun-2025
2025,51,7,20-Jun-2025
2025,52,1,21-Jun-2025
2025,52,2,22-Jun-2025
2025,52,3,23-Jun-2025
2025,52,4,24-Jun-2025
2025,52,5,25-Jun-2025
2025,52,6,26-Jun-2025
2025,52,7,27-Jun-2025
2025,1,1,28-Jun-2025
2025,1,2,29-Jun-2025
2025,1,3,30-Jun-2025
2025,1,4,01-Jul-2025
2025,1,5,02-Jul-2025
2025,1,6,03-Jul-2025
2025,1,7,04-Jul-2025
2025,2,1,05-Jul-2025
2025,2,2,06-Jul-2025
2025,2,3,07-Jul-2025
2025,2,4,08-Jul-2025
2025,2,5,09-Jul-2025
2025,2,6,10-Jul-2025
2025,2,7,11-Jul-2025
2025,3,1,12-Jul-2025
2025,3,2,13-Jul-2025
2025,3,3,14-Jul-2025
2025,3,4,15-Jul-2025
2025,3,5,16-Jul-2025
2025,3,6,17-Jul-2025
2025,3,7,18-Jul-2025
2025,4,1,19-Jul-2025
2025,4,2,20-Jul-2025
2025,4,3,21-Jul-2025
2025,4,4,22-Jul-2025
2025,4,5,23-Jul-2025
2025,4,6,24-Jul-2025
2025,4,7,25-Jul-2025
2025,5,1,26-Jul-2025
2025,5,2,27-Jul-2025
2025,5,3,28-Jul-2025
2025,5,4,29-Jul-2025
2025,5,5,30-Jul-2025
2025,5,6,31-Jul-2025
2025,5,7,01-Aug-2025
2025,6,1,02-Aug-2025
2025,6,2,03-Aug-2025
2025,6,3,04-Aug-2025
2025,6,4,05-Aug-2025
2025,6,5,06-Aug-2025
2025,6,6,07-Aug-2025
2025,6,7,08-Aug-2025
2025,7,1,09-Aug-2025
2025,7,2,10-Aug-2025
2025,7,3,11-Aug-2025
2025,7,4,12-Aug-2025
2025,7,5,13-Aug-2025
2025,7,6,14-Aug-2025
2025,7,7,15-Aug-2025
2025,8,1,16-Aug-2025
2025,8,2,17-Aug-2025
2025,8,3,18-Aug-2025
2025,8,4,19-Aug-2025
2025,8,5,20-Aug-2025
2025,8,6,21-Aug-2025
2025,8,7,22-Aug-2025
2025,9,1,23-Aug-2025
2025,9,2,24-Aug-2025
2025,9,3,25-Aug-2025
2025,9,4,26-Aug-2025
2025,9,5,27-Aug-2025
2025,9,6,28-Aug-2025
2025,9,7,29-Aug-2025
2025,10,1,30-Aug-2025
2025,10,2,31-Aug-2025
2025,10,3,01-Sep-2025
2025,10,4,02-Sep-2025
2025,10,5,03-Sep-2025
2025,10,6,04-Sep-2025
2025,10,7,05-Sep-2025
2025,11,1,06-Sep-2025
2025,11,2,07-Sep-2025
2025,11,3,08-Sep-2025
2025,11,4,09-Sep-2025
2025,11,5,10-Sep-2025
2025,11,6,11-Sep-2025
2025,11,7,12-Sep-2025
2025,12,1,13-Sep-2025
2025,12,2,14-Sep-2025
2025,12,3,15-Sep-2025
2025,12,4,16-Sep-2025
2025,12,5,17-Sep-2025
2025,12,6,18-Sep-2025
2025,12,7,19-Sep-2025
2025,13,1,20-Sep-2025
2025,13,2,21-Sep-2025
2025,13,3,22-Sep-2025
2025,13,4,23-Sep-2025
2025,13,5,24-Sep-2025
2025,13,6,25-Sep-2025
2025,13,7,26-Sep-2025
2025,14,1,27-Sep-2025
2025,14,2,28-Sep-2025
2025,14,3,29-Sep-2025
2025,14,4,30-Sep-2025
2025,14,5,01-Oct-2025
2025,14,6,02-Oct-2025
2025,14,7,03-Oct-2025
2025,15,1,04-Oct-2025
2025,15,2,05-Oct-2025
2025,15,3,06-Oct-2025
2025,15,4,07-Oct-2025
2025,15,5,08-Oct-2025
2025,15,6,09-Oct-2025
2025,15,7,10-Oct-2025
2025,16,1,11-Oct-2025
2025,16,2,12-Oct-2025
2025,16,3,13-Oct-2025
2025,16,4,14-Oct-2025
2025,16,5,15-Oct-2025
2025,16,6,16-Oct-2025
2025,16,7,17-Oct-2025
2025,17,1,18-Oct-2025
2025,17,2,19-Oct-2025
2025,17,3,20-Oct-2025
2025,17,4,21-Oct-2025
2025,17,5,22-Oct-2025
2025,17,6,23-Oct-2025
2025,17,7,24-Oct-2025
2025,18,1,25-Oct-2025
2025,18,2,26-Oct-2025
2025,18,3,27-Oct-2025
2025,18,4,28-Oct-2025
2025,18,5,29-Oct-2025
2025,18,6,30-Oct-2025
2025,18,7,31-Oct-2025
2025,19,1,01-Nov-2025
2025,19,2,02-Nov-2025
2025,19,3,03-Nov-2025
2025,19,4,04-Nov-2025
2025,19,5,05-Nov-2025
2025,19,6,06-Nov-2025
2025,19,7,07-Nov-2025
2025,20,1,08-Nov-2025
2025,20,2,09-Nov-2025
2025,20,3,10-Nov-2025
2025,20,4,11-Nov-2025
2025,20,5,12-Nov-2025
2025,20,6,13-Nov-2025
2025,20,7,14-Nov-2025
2025,21,1,15-Nov-2025
2025,21,2,16-Nov-2025
2025,21,3,17-Nov-2025
2025,21,4,18-Nov-2025
2025,21,5,19-Nov-2025
2025,21,6,20-Nov-2025
2025,21,7,21-Nov-2025
2025,22,1,22-Nov-2025
2025,22,2,23-Nov-2025
2025,22,3,24-Nov-2025
2025,22,4,25-Nov-2025
2025,22,5,26-Nov-2025
2025,22,6,27-Nov-2025
2025,22,7,28-Nov-2025
2025,23,1,29-Nov-2025
2025,23,2,30-Nov-2025
2025,23,3,01-Dec-2025
2025,23,4,02-Dec-2025
2025,23,5,03-Dec-2025
2025,23,6,04-Dec-2025
2025,23,7,05-Dec-2025
2025,24,1,06-Dec-2025
2025,24,2,07-Dec-2025
2025,24,3,08-Dec-2025
2025,24,4,09-Dec-2025
2025,24,5,10-Dec-2025
2025,24,6,11-Dec-2025
2025,24,7,12-Dec-2025
2025,25,1,13-Dec-2025
2025,25,2,14-Dec-2025
2025,25,3,15-Dec-2025
2025,25,4,16-Dec-2025
2025,25,5,17-Dec-2025
2025,25,6,18-Dec-2025
2025,25,7,19-Dec-2025
2025,26,1,20-Dec-2025
2025,26,2,21-Dec-2025
2025,26,3,22-Dec-2025
2025,26,4,23-Dec-2025
2025,26,5,24-Dec-2025
2025,26,6,25-Dec-2025
2025,26,7,26-Dec-2025
2025,27,1,27-Dec-2025
2025,27,2,28-Dec-2025
2025,27,3,29-Dec-2025
2025,27,4,30-Dec-2025
2025,27,5,31-Dec-2025
2026,28,1,03-Jan-2026
2026,28,2,04-Jan-2026
2026,28,3,05-Jan-2026
2026,28,4,06-Jan-2026
2026,28,5,07-Jan-2026
2026,28,6,08-Jan-2026
2026,28,7,09-Jan-2026
2026,29,1,10-Jan-2026
2026,29,2,11-Jan-2026
2026,29,3,12-Jan-2026
2026,29,4,13-Jan-2026
2026,29,5,14-Jan-2026
2026,29,6,15-Jan-2026
2026,29,7,16-Jan-2026
2026,30,1,17-Jan-2026
2026,30,2,18-Jan-2026
2026,30,3,19-Jan-2026
2026,30,4,20-Jan-2026
2026,30,5,21-Jan-2026
2026,30,6,22-Jan-2026
2026,30,7,23-Jan-2026
2026,31,1,24-Jan-2026
2026,31,2,25-Jan-2026
2026,31,3,26-Jan-2026
2026,31,4,27-Jan-2026
2026,31,5,28-Jan-2026
2026,31,6,29-Jan-2026
2026,31,7,30-Jan-2026
2026,32,1,31-Jan-2026
2026,32,2,01-Feb-2026
2026,32,3,02-Feb-2026
2026,32,4,03-Feb-2026
2026,32,5,04-Feb-2026
2026,32,6,05-Feb-2026
2026,32,7,06-Feb-2026
2026,33,1,07-Feb-2026
2026,33,2,08-Feb-2026
2026,33,3,09-Feb-2026
2026,33,4,10-Feb-2026
2026,33,5,11-Feb-2026
2026,33,6,12-Feb-2026
2026,33,7,13-Feb-2026
2026,34,1,14-Feb-2026
2026,34,2,15-Feb-2026
2026,34,3,16-Feb-2026
2026,34,4,17-Feb-2026
2026,34,5,18-Feb-2026
2026,34,6,19-Feb-2026
2026,34,7,20-Feb-2026
2026,35,1,21-Feb-2026
2026,35,2,22-Feb-2026
2026,35,3,23-Feb-2026
2026,35,4,24-Feb-2026
2026,35,5,25-Feb-2026
2026,35,6,26-Feb-2026
2026,35,7,27-Feb-2026
2026,36,1,28-Feb-2026
2026,36,2,01-Mar-2026
2026,36,3,02-Mar-2026
2026,36,4,03-Mar-2026
2026,36,5,04-Mar-2026
2026,36,6,05-Mar-2026
2026,36,7,06-Mar-2026
2026,37,1,07-Mar-2026
2026,37,2,08-Mar-2026
2026,37,3,09-Mar-2026
2026,37,4,10-Mar-2026
2026,37,5,11-Mar-2026
2026,37,6,12-Mar-2026
2026,37,7,13-Mar-2026
2026,38,1,14-Mar-2026
2026,38,2,15-Mar-2026
2026,38,3,16-Mar-2026
2026,38,4,17-Mar-2026
2026,38,5,18-Mar-2026
2026,38,6,19-Mar-2026
2026,38,7,20-Mar-2026
2026,39,1,21-Mar-2026
2026,39,2,22-Mar-2026
2026,39,3,23-Mar-2026
2026,39,4,24-Mar-2026
2026,39,5,25-Mar-2026
2026,39,6,26-Mar-2026
2026,39,7,27-Mar-2026
2026,40,1,28-Mar-2026
2026,40,2,29-Mar-2026
2026,40,3,30-Mar-2026
2026,40,4,31-Mar-2026
2026,40,5,01-Apr-2026
2026,40,6,02-Apr-2026
2026,40,7,03-Apr-2026
2026,41,1,04-Apr-2026
2026,41,2,05-Apr-2026
2026,41,3,06-Apr-2026
2026,41,4,07-Apr-2026
2026,41,5,08-Apr-2026
2026,41,6,09-Apr-2026
2026,41,7,10-Apr-2026
2026,42,1,11-Apr-2026
2026,42,2,12-Apr-2026
2026,42,3,13-Apr-2026
2026,42,4,14-Apr-2026
2026,42,5,15-Apr-2026
2026,42,6,16-Apr-2026
2026,42,7,17-Apr-2026
2026,43,1,18-Apr-2026
2026,43,2,19-Apr-2026
2026,43,3,20-Apr-2026
2026,43,4,21-Apr-2026
2026,43,5,22-Apr-2026
2026,43,6,23-Apr-2026
2026,43,7,24-Apr-2026
2026,44,1,25-Apr-2026
2026,44,2,26-Apr-2026
2026,44,3,27-Apr-2026
2026,44,4,28-Apr-2026
2026,44,5,29-Apr-2026
2026,44,6,30-Apr-2026
2026,44,7,01-May-2026
2026,45,1,02-May-2026
2026,45,2,03-May-2026
2026,45,3,04-May-2026
2026,45,4,05-May-2026
2026,45,5,06-May-2026
2026,45,6,07-May-2026
2026,45,7,08-May-2026
2026,46,1,09-May-2026
2026,46,2,10-May-2026
2026,46,3,11-May-2026
2026,46,4,12-May-2026
2026,46,5,13-May-2026
2026,46,6,14-May-2026
2026,46,7,15-May-2026
2026,47,1,16-May-2026
2026,47,2,17-May-2026
2026,47,3,18-May-2026
2026,47,4,19-May-2026
2026,47,5,20-May-2026
2026,47,6,21-May-2026
2026,47,7,22-May-2026
2026,48,1,23-May-2026
2026,48,2,24-May-2026
2026,48,3,25-May-2026
2026,48,4,26-May-2026
2026,48,5,27-May-2026
2026,48,6,28-May-2026
2026,48,7,29-May-2026
2026,49,1,30-May-2026
2026,49,2,31-May-2026
2026,49,3,01-Jun-2026
2026,49,4,02-Jun-2026
2026,49,5,03-Jun-2026
2026,49,6,04-Jun-2026
2026,49,7,05-Jun-2026
2026,50,1,06-Jun-2026
2026,50,2,07-Jun-2026
2026,50,3,08-Jun-2026
2026,50,4,09-Jun-2026
2026,50,5,10-Jun-2026
2026,50,6,11-Jun-2026
2026,50,7,12-Jun-2026
2026,51,1,13-Jun-2026
2026,51,2,14-Jun-2026
2026,51,3,15-Jun-2026
2026,51,4,16-Jun-2026
2026,51,5,17-Jun-2026
2026,51,6,18-Jun-2026
2026,51,7,19-Jun-2026
2026,52,1,20-Jun-2026
2026,52,2,21-Jun-2026
2026,52,3,22-Jun-2026
2026,52,4,23-Jun-2026
2026,52,5,24-Jun-2026
2026,52,6,25-Jun-2026
2026,52,7,26-Jun-2026
2026,53,1,27-Jun-2026
2026,53,2,28-Jun-2026
2026,53,3,29-Jun-2026
2026,53,4,30-Jun-2026
2026,53,5,01-Jul-2026
2026,53,6,02-Jul-2026
2026,53,7,03-Jul-2026
2026,1,1,04-Jul-2026
2026,1,2,05-Jul-2026
2026,1,3,06-Jul-2026
2026,1,4,07-Jul-2026
2026,1,5,08-Jul-2026
2026,1,6,09-Jul-2026
2026,1,7,10-Jul-2026
2026,2,1,11-Jul-2026
2026,2,2,12-Jul-2026
2026,2,3,13-Jul-2026
2026,2,4,14-Jul-2026
2026,2,5,15-Jul-2026
2026,2,6,16-Jul-2026
2026,2,7,17-Jul-2026
2026,3,1,18-Jul-2026
2026,3,2,19-Jul-2026
2026,3,3,20-Jul-2026
2026,3,4,21-Jul-2026
2026,3,5,22-Jul-2026
2026,3,6,23-Jul-2026
2026,3,7,24-Jul-2026
2026,4,1,25-Jul-2026
2026,4,2,26-Jul-2026
2026,4,3,27-Jul-2026
2026,4,4,28-Jul-2026
2026,4,5,29-Jul-2026
2026,4,6,30-Jul-2026
2026,4,7,31-Jul-2026
2026,5,1,01-Aug-2026
2026,5,2,02-Aug-2026
2026,5,3,03-Aug-2026
2026,5,4,04-Aug-2026
2026,5,5,05-Aug-2026
2026,5,6,06-Aug-2026
2026,5,7,07-Aug-2026
2026,6,1,08-Aug-2026
2026,6,2,09-Aug-2026
2026,6,3,10-Aug-2026
2026,6,4,11-Aug-2026
2026,6,5,12-Aug-2026
2026,6,6,13-Aug-2026
2026,6,7,14-Aug-2026
2026,7,1,15-Aug-2026
2026,7,2,16-Aug-2026
2026,7,3,17-Aug-2026
2026,7,4,18-Aug-2026
2026,7,5,19-Aug-2026
2026,7,6,20-Aug-2026
2026,7,7,21-Aug-2026
2026,8,1,22-Aug-2026
2026,8,2,23-Aug-2026
2026,8,3,24-Aug-2026
2026,8,4,25-Aug-2026
2026,8,5,26-Aug-2026
2026,8,6,27-Aug-2026
2026,8,7,28-Aug-2026
2026,9,1,29-Aug-2026
2026,9,2,30-Aug-2026
2026,9,3,31-Aug-2026
2026,9,4,01-Sep-2026
2026,9,5,02-Sep-2026
2026,9,6,03-Sep-2026
2026,9,7,04-Sep-2026
2026,10,1,05-Sep-2026
2026,10,2,06-Sep-2026
2026,10,3,07-Sep-2026
2026,10,4,08-Sep-2026
2026,10,5,09-Sep-2026
2026,10,6,10-Sep-2026
2026,10,7,11-Sep-2026
2026,11,1,12-Sep-2026
2026,11,2,13-Sep-2026
2026,11,3,14-Sep-2026
2026,11,4,15-Sep-2026
2026,11,5,16-Sep-2026
2026,11,6,17-Sep-2026
2026,11,7,18-Sep-2026
2026,12,1,19-Sep-2026
2026,12,2,20-Sep-2026
2026,12,3,21-Sep-2026
2026,12,4,22-Sep-2026
2026,12,5,23-Sep-2026
2026,12,6,24-Sep-2026
2026,12,7,25-Sep-2026
2026,13,1,26-Sep-2026
2026,13,2,27-Sep-2026
2026,13,3,28-Sep-2026
2026,13,4,29-Sep-2026
2026,13,5,30-Sep-2026
2026,13,6,01-Oct-2026
2026,13,7,02-Oct-2026
2026,14,1,03-Oct-2026
2026,14,2,04-Oct-2026
2026,14,3,05-Oct-2026
2026,14,4,06-Oct-2026
2026,14,5,07-Oct-2026
2026,14,6,08-Oct-2026
2026,14,7,09-Oct-2026
2026,15,1,10-Oct-2026
2026,15,2,11-Oct-2026
2026,15,3,12-Oct-2026
2026,15,4,13-Oct-2026
2026,15,5,14-Oct-2026
2026,15,6,15-Oct-2026
2026,15,7,16-Oct-2026
2026,16,1,17-Oct-2026
2026,16,2,18-Oct-2026
2026,16,3,19-Oct-2026
2026,16,4,20-Oct-2026
2026,16,5,21-Oct-2026
2026,16,6,22-Oct-2026
2026,16,7,23-Oct-2026
2026,17,1,24-Oct-2026
2026,17,2,25-Oct-2026
2026,17,3,26-Oct-2026
2026,17,4,27-Oct-2026
2026,17,5,28-Oct-2026
2026,17,6,29-Oct-2026
2026,17,7,30-Oct-2026
2026,18,1,31-Oct-2026
2026,18,2,01-Nov-2026
2026,18,3,02-Nov-2026
2026,18,4,03-Nov-2026
2026,18,5,04-Nov-2026
2026,18,6,05-Nov-2026
2026,18,7,06-Nov-2026
2026,19,1,07-Nov-2026
2026,19,2,08-Nov-2026
2026,19,3,09-Nov-2026
2026,19,4,10-Nov-2026
2026,19,5,11-Nov-2026
2026,19,6,12-Nov-2026
2026,19,7,13-Nov-2026
2026,20,1,14-Nov-2026
2026,20,2,15-Nov-2026
2026,20,3,16-Nov-2026
2026,20,4,17-Nov-2026
2026,20,5,18-Nov-2026
2026,20,6,19-Nov-2026
2026,20,7,20-Nov-2026
2026,21,1,21-Nov-2026
2026,21,2,22-Nov-2026
2026,21,3,23-Nov-2026
2026,21,4,24-Nov-2026
2026,21,5,25-Nov-2026
2026,21,6,26-Nov-2026
2026,21,7,27-Nov-2026
2026,22,1,28-Nov-2026
2026,22,2,29-Nov-2026
2026,22,3,30-Nov-2026
2026,22,4,01-Dec-2026
2026,22,5,02-Dec-2026
2026,22,6,03-Dec-2026
2026,22,7,04-Dec-2026
2026,23,1,05-Dec-2026
2026,23,2,06-Dec-2026
2026,23,3,07-Dec-2026
2026,23,4,08-Dec-2026
2026,23,5,09-Dec-2026
2026,23,6,10-Dec-2026
2026,23,7,11-Dec-2026
2026,24,1,12-Dec-2026
2026,24,2,13-Dec-2026
2026,24,3,14-Dec-2026
2026,24,4,15-Dec-2026
2026,24,5,16-Dec-2026
2026,24,6,17-Dec-2026
2026,24,7,18-Dec-2026
2026,25,1,19-Dec-2026
2026,25,2,20-Dec-2026
2026,25,3,21-Dec-2026
2026,25,4,22-Dec-2026
2026,25,5,23-Dec-2026
2026,25,6,24-Dec-2026
2026,25,7,25-Dec-2026
2026,26,1,26-Dec-2026
2026,26,2,27-Dec-2026
2026,26,3,28-Dec-2026
2026,26,4,29-Dec-2026
2026,26,5,30-Dec-2026
2026,26,6,31-Dec-2026
